2 0.659765625 0.6335648148148149 0.04505208333333333 0.030092592592592594
2 0.674609375 0.6215277777777778 0.04244791666666667 0.03194444444444445
2 0.694921875 0.59375 0.03411458333333333 0.024537037037037038
1 0.634765625 0.5037037037037038 0.01953125 0.02777777777777778
1 0.562890625 0.49050925925925926 0.037760416666666664 0.031018518518518518
1 0.5412760416666667 0.4738425925925926 0.03463541666666667 0.03194444444444445
1 0.5350260416666667 0.4865740740740741 0.02265625 0.021296296296296296
2 0.3729166666666667 0.4289351851851852 0.004166666666666667 0.0060185185185185185
2 0.3673177083333333 0.4307870370370371 0.0033854166666666668 0.0060185185185185185
2 0.356640625 0.4365740740740741 0.005989583333333333 0.010185185185185186
2 0.34934895833333335 0.4412037037037037 0.006510416666666667 0.009259259259259259
2 0.34088541666666666 0.4465277777777778 0.00625 0.008796296296296297
2 0.33372395833333335 0.4479166666666667 0.00703125 0.011574074074074075
2 0.3266927083333333 0.45069444444444445 0.00703125 0.009722222222222222
2 0.3131510416666667 0.45439814814814816 0.00859375 0.009722222222222222
2 0.30299479166666665 0.45763888888888893 0.0049479166666666664 0.0060185185185185185
